0,1,2,3,4,5,6,7,8,9
엘리슨,할런,코윈,캐럴린,스폴딩,실버먼,커닝햄,브론슨,마이클,소퍼
리처드,윌리엄,제임스,토머스,찰스,데이비드,로버트,프랭크,앤드루,앨런
은수저,허브티,사자에상,논짱,ぼく,FOD,금붕어,칸가타리,,
우탄,마스터우,포츈쿠키,루미엘,에이시아,껌엑스,루비스타,,,
박유나,조현도,계성용,송이우,안도규,한민채,한소은,정난희,이빛나,배진섭
임철순,오홍근,노진설,선우중호,김판술,조문환,현승일,권영자,김기도,이상연
나오히토,후지키,토모하루,소메타니,히나노,케이조,카츠마사,나카고시,히사노,미츠우라
정성철,허건엽,성영훈,김창혁,윤대영,신민기,장준관,전형근,심재윤,김응민
키웠,키워왔,키워나갔,길렀,키워갔,키우,살아갔,괴롭혔,키워서,키웠으며
임진강역,나원역,봉동역,양원역,강매역,흥전역,매포역,나한정역,태백역,매곡역
다송,황등,상탄,남외,향북,느리울,두학,한뫼,금석동,탄벌
알콜,알코올,중독,코카인,암페타민,니코틴,다이옥신,표백제,모르핀,구연산
홍수현,고주원,서하준,김소은,왕지혜,서지혜,조현재,박기웅,박솔미,윤소이
곡물,설탕,백단향,모직물,작물,사탕수수,농작물,낙농품,곡식,육류
리버,플레이트,모나크스,훕스,댄베리,사운더스,프레스노,잉글우드,,
카노코,하기모리,무츠오,쿠로타니,토코시마,오오쿠치,유미카,이치게,이케즈,히나미
유근배,최양옥,오태영,최명복,한현우,김화석,한지근,양춘우,김춘배,박요섭
도쿠다,덴에이인,무라오카,다카쿠,가즈에,노스케,덴지로,게이키,니시나카,키이치
점촌,약목,북대구,휴천,청리,병곡,죽변,점촌동,덕계,진량
후현,우란차부,둥강,친저우,이란현,랴오위안,징양,더링하,위안저우,시펑
아오치,一色氏,우치쿠라,지카나오,무네마루,蠣,미기타,信友,아나야마,一条氏
변주현,함진성,강철성,전배수,정인겸,한춘일,남상백,주동희,변건우,서보익
송정인,한종현,김학명,박우선,한창영,이찬경,정완섭,채희석,황은영,윤평중
레드맨,댈런,보스타프,리트렐,샤록,윈우드,던피,래틀리프,오도너휴,
박세일,홍진표,신진욱,윤영탁,권이혁,유민봉,현애자,최병일,신용현,박효종
네이다,울크,비샤라,사비르,크사니,키란,프룸,슬라멧,콰레,아르지
구위안,첸안,후이닝,쑤첸,전위안,펑양,훈위안,바오펑,짜오좡,뤠양
청즈,양멱,안이쉬안,왕카이,류하오,춘금,우성현,곽건화,두민,류옌
헬렛,전도서,요엘서,룻기,בן,바룩서,유딧기,지혜서,말라키,스바냐
김제원,김칠환,오용운,채수찬,유기정,신옥철,권영식,최용안,고윤수,정간용
잊혀졌,묻혀졌,사라졌,사라졌었,잊혀져,버려졌,되살아났,불러졌,찾아왔었,따라다녔
학성동,반구동,북정동,원인동,학산동,단구동,약사동,효문동,상중이동,계양동
박부남,윤진구,방성훈,김효자,윤호선,김희덕,이인실,전상우,고광석,노병수
례방,薰陶,차상명,九明,三介,牙兵,貞心,옥곤,學林,인례
제라도,타드로스,펠리프,퀫즈,아쿠나,라레스카,맥로비,멜라메드,에프렌,
현준혁,박금철,강달영,안악사건,맹종호,동맹원,허형식,김만겸,조희창,정국은
루스터,웨넥,로이즈만,티에리옷,워락,터맨,캐닌,맥갠,탤봇,
헬라,히브리,그리이스,코이네,울필라스,엘람어,갈대아,갈리아어,그리스어,
인교대,주부토로,숙등,안남로,상사마,고백리,신근리,이충로,,
추기경단,추기경,궁무,콘클라베,총대리,시성성,국무성성,주교성,교황,
금속학,효소학,이화학,전염병학,의화학,약화학,법리학,중간자론,자기학,생화
젠화,쭝양,웨이양,리저우,잉저우,난차,沙市,다이웨,샤진,저우춘
그만둘,쫓아낼,데려갈,끝마칠,돌아설,그만둘까,망칠,잃어버릴,미룰,따라갈
알엄,마붑,송보은,이규회,장리우,성홍일,위지웅,은주희,송복철,오주희
유보라,이다은,김혜주,윤여진,신영애,유아미,전해리,이민하,이예원,최지훈
중화기,개인화기,공용화기,박격포,직사포,해안포,수송차,대전차,상륙군,
마가단,야쿠츠크,아나디리,아바칸,옴스크주,틴두프,,,,
제형,梯形,압출,활액,중온,통돌,상부인,병류,방음재,치석
회창,폐불,玄宗,피라각,왕안석,大定,영휘,승성,武宗,遷都
타카야마,카즈미,유코,미유키,타케우치,아야코,카나코,카오리,타카노,메구미
억조,지선우,채봉,백발노인,막순,개똥이,언년,달례,고묵,장성주
루에다,레이날도,라볼페,세바요스,풀리도,아이마르,미야르,카이세도,힐베르토,솔라노
이숙현,유혜진,한순희,최수인,조미정,박기숙,진형우,장태연,유영란,오진수
자인군,신녕군,하양군,운안동,하리면,성하동,북삼면,대보면,노하동,천리동
센세이션,붐,신드롬,열광,애니밴드,반향,열풍,햅틱,싸이언,
마이어,발터,루돌프,베르거,베커,테오도어,루드비히,베르너,게오르그,페터
김일경,한명윤,현재윤,최승환,권준헌,조상우,강기웅,김강석,이경록,서승화
노가이인,한티인,쿠미크인,레즈긴인,부랴트족,인구시인,추바시인,,,
합목,추점,장고항리,미잠리,선정리,본성리,보천리,이담리,나령리,금신리
럼,퍼,게이더,켈링,렁,렐란,럴즈,더먼,브라인,버
강인규,강인형,장기철,최정태,오만수,이강구,정순애,오천수,이승옥,차복
시디아,툴바,그로울,카일릭스,스타독,옴니웹,잰드,에코링크,,
산수화가,사대가,어해도,叔齊,詞腦,황공망,八法,手澤,본산대,四大家
바키예프,구쿠니,젤류,젤레프,호스니,라흐몬,요웨리,웨데이,란사나,
티에네,시아카,음바예,함시크,다톨로,랴이치,칼라제,,,
초항리,옹안리,용신리,취생리,수앙리,수록리,신목리,기린리,석묘리,중유리
중제,中諦,假諦,中際,空諦,三際,前際,三諦,後際,四行相
석문,송간,죽천,초락도,적상,취암,충로,石門,귀학,운곡
조졸,和柔,숙정공주,경정공주,경신옹주,貞靜,공신옹주,정근옹주,숙근옹주,현숙공주
이목동,매향동,하성북리,비전동,안양로,곡반정동,와동동,죽율동,권선동,당수동
착도,현상액,엉겨붙,좁힘,막낭,윤활액,석회수,항장력,찐득,
조성대,김만흠,박수택,김병용,김자민,정혜전,조현관,김범주,김필규,김범환
화종,조선교,양종석,엽연초,장석효,박종권,식심,축장,유각종,물자동차
박요셉,송정현,김병채,전광환,구경현,박진옥,김오규,배효성,마철준,문주원
오파린,트로핌,델브뤼크,바빌로프,,,,,,
환선길,이흔암,능환,기훤,왕식렴,김우징,한명련,황엄,칠숙,국태공
획관,획단,담당관,공보관,감사관,조정관,기획처,총무과,관리관,기획국
난기류,버섯구름,마찰열,토석류,내화재,분출구,악천후,기상이변,급정거,하층토
몰년,생년,미상,생몰년,沒年,태어남,육종영,이자덕,왕희순,역사책
안의군,칠원군,궁소,함창군,三南面,곤양군,운봉군,용궁군,갑향,순흥군
삼괴동,효평동,신하동,주산동,대별동,산암리,세계리,이인리,두계리,우명동
시무책,科田,時務,時弊,求言,許通,간쟁,諫言,계청,극론
오오네,쿠마키리,키미즈카,슌기쿠,카부라키,타츠나미,사도야스,카호루,사에카,카네사키
페키,살레메,레졸,크레셴차,쿤구르,히데시오,,,,
상홍,학석,중묵,군업,임해진,신동길,용촌,빈교,음실,계두
노동가요,민스크주,애꾸눈이,알마티주,고아주,박애주,원두당,자를루이,르노도상,
오텔로,팔리아치,알체스테,스키키,리골레토,리브레토,폰키엘리,,,
닛이,느루,스토린,드팔마,니랑,주드로,탄차로엔,바랫,옜날,
이승은,안재영,이다경,우현수,박진하,박연정,정연심,정진경,김유선,전효진
여경옥,천향,대입,안암,서학,명륜동,제생,학인,맞춤법,
노철래,나성린,홍의락,이계안,구상찬,박준선,현영희,정태근,이노근,우제창
좁다란,옴폭,둘러치,널따란,패여,포장길,솟구친,둘러쳐진,도랑이,바깥벽
죽,굶,철들,병들,으란,버렸으면,칼침,굶기,몸져눕,편치
장운수,김평석,이태홍,차경복,신재흠,윤덕여,유태목,여범규,송광환,신홍기
능지기,효수형,김균정,시종신,정순년,권무,伏誅,조윤양,동무제,폐주
위안취,펑추,진샹,라오양,루이청,딩샹,네이추,광라오,츠핑,지쩌
황정립,장민익,구승민,김헌곤,문승원,서진용,오상엽,국해성,정혁진,백창수
하세가와,마코토,나카무라,미우라,사이토,우치다,유야,아키야마,시노하라,이마이
전력량계,GDS,ACMI,급결제,구제품,렌더팜,기계가공,,,
죽당리,하성리,단천리,보흥리,주박리,항월리,계실리,거산리,안영리,각평리
거행,정초식,수여식,졸업식,축성식,봉헌,성대히,기념식,세례식,축하식
칭원,하기사,곤고구미,‘’‘,도바루,はるき,반쇼지,석간지,이마카와,정미업
천극죄,고해바쳤,모셔갔,분살,가출소,양기와,죄안,참형,초도순시,호뀌리
너럭바위,들머리,산림욕,장군바위,성당못,앞뜰,흙담,병풍바위,매미산,육각정
불연속면,모호면,암권,암석권,연약권,수평면,점토층,열권,쌀알무늬,
장미장,공쿠르상,에드거상,베라르도,페미나상,템플턴상,단네브로,,,
덕풍동,갈매동,외삼미동,초이동,미사동,벽제동,감북,산황동,창우동,사노동
중천왕,양원왕,서천왕,분서왕,안장왕,안원왕,흘해,문자명왕,민중왕,삼근왕
초백세인,비르기타,디도나토,맥밀리언,베이머,크레투,카살스,체이슨,펠렉스,
베어드,피터스,브루스터,윌렛,머레이,캠벨,베이츠,스미스,,
풍비,腥,風穴,蠅,餌,이불란사,四皓,萬古,扃,萬波
